   4.8156936e+03   1.8243265e+04   6.1786168e+03   5.2929454e+03   4.3040462e+03
   4.6899151e+03   1.8162697e+04   6.0369546e+03   5.1333411e+03   3.9222095e+03
   4.3206566e+03   1.8124966e+04   5.1688715e+03   4.7929129e+03   3.3972983e+03
   3.6754701e+03   1.8096049e+04   4.7569125e+03   4.0063237e+03   2.9954963e+03
   2.9617685e+03   1.7848427e+04   4.4214756e+03   2.9646313e+03   2.5948234e+03
   2.7483277e+03   1.7838124e+04   4.1886363e+03   2.5929533e+03   2.2478661e+03
   2.5237521e+03   1.8663379e+04   4.2407593e+03   2.4379423e+03   2.1055223e+03
   2.4454335e+03   1.8878703e+04   4.2470545e+03   2.3792005e+03   2.0239994e+03
   2.3961585e+03   1.8869986e+04   4.1595198e+03   2.3075711e+03   1.9832807e+03
   2.4884959e+03   1.8987595e+04   3.5311251e+03   2.2229315e+03   1.8655519e+03
   2.5294189e+03   1.8993347e+04   3.1569330e+03   2.2397342e+03   1.8302352e+03
   2.7098745e+03   1.8971899e+04   2.7558510e+03   2.1367648e+03   1.8191216e+03
   2.5782054e+03   1.9003430e+04   2.7176523e+03   1.9842373e+03   1.8370444e+03
   2.5191590e+03   1.9027505e+04   2.7216753e+03   1.9301160e+03   1.8014595e+03
   2.5278931e+03   1.8915554e+04   2.5245548e+03   2.0673817e+03   1.8008993e+03
   2.5422684e+03   1.8746686e+04   2.2457956e+03   2.1980466e+03   1.8164029e+03
   2.5678691e+03   1.8765070e+04   2.2338621e+03   2.0128244e+03   1.8256141e+03
   2.5199621e+03   1.8940878e+04   2.2801859e+03   1.8660990e+03   1.8484628e+03
   2.7001067e+03   1.8964328e+04   2.2866457e+03   1.8839640e+03   2.0344145e+03
   2.9231486e+03   1.8892774e+04   2.2805524e+03   1.9747555e+03   2.3471112e+03
   3.1039248e+03   1.8871984e+04   2.3239246e+03   2.1970007e+03   2.9007716e+03
   3.4726561e+03   1.8684833e+04   2.2480988e+03   2.4449558e+03   3.2423931e+03
   3.7045435e+03   1.8326123e+04   2.7094134e+03   2.8602103e+03   3.6926418e+03
   3.9875565e+03   1.8233826e+04   4.2106199e+03   3.3552801e+03   4.3586669e+03
   4.3370566e+03   1.8246168e+04   5.4578283e+03   4.2347548e+03   5.0795397e+03
   4.5939014e+03   1.8306331e+04   5.8446340e+03   4.7910980e+03   5.8192961e+03
   4.5747491e+03   1.8236988e+04   5.7930755e+03   4.9426195e+03   5.8905215e+03
   4.9797181e+03   1.8197724e+04   5.5121963e+03   4.8611052e+03   5.5511875e+03
   5.1762006e+03   1.8049416e+04   4.8363146e+03   4.4881969e+03   5.1623315e+03
   4.3901139e+03   1.7776584e+04   3.2798269e+03   3.3531030e+03   3.7432375e+03
   3.1653787e+03   1.8202111e+04   1.8619069e+03   1.7736943e+03   1.8485771e+03
   3.1652280e+03   1.7831683e+04   1.8489296e+03   1.7105055e+03   1.8750300e+03
   3.4904119e+03   1.7988668e+04   1.9561688e+03   1.9879121e+03   2.0732716e+03
   3.6029359e+03   1.8141630e+04   2.1039036e+03   2.1300205e+03   2.1177605e+03
   3.4084523e+03   1.7670296e+04   2.0691943e+03   2.0971254e+03   2.0810470e+03
   6.3281867e+03   1.7482236e+04   6.4571176e+03   6.0398087e+03   6.5268504e+03
   7.3113872e+03   1.8291298e+04   7.9862684e+03   7.4016702e+03   7.9186494e+03
   7.2815836e+03   1.8345211e+04   8.0135356e+03   7.4809147e+03   7.8868445e+03
   7.0077096e+03   1.8332245e+04   7.8734614e+03   7.4558578e+03   7.7743960e+03
   6.7910259e+03   1.7486532e+04   7.8831395e+03   7.4758909e+03   7.8155232e+03
   6.8859615e+03   1.6070621e+04   7.8358319e+03   7.4474747e+03   7.8595996e+03
   6.8730539e+03   1.4850528e+04   7.8159946e+03   7.4357266e+03   7.8072515e+03
   6.7690815e+03   1.2733325e+04   7.8350222e+03   7.4327299e+03   7.7294347e+03
   6.7689540e+03   6.1365342e+03   7.9500094e+03   7.4664779e+03   7.7177200e+03
   6.7541834e+03   3.8987406e+03   7.7222226e+03   7.3683167e+03   7.6206368e+03
   6.7939334e+03   2.1383882e+03   7.2990647e+03   7.2122893e+03   7.4889491e+03
   6.0844951e+03   1.9476332e+03   6.9886718e+03   6.5021077e+03   6.9663073e+03
   5.1144615e+03   1.9596327e+03   5.1645532e+03   5.0511198e+03   5.2176184e+03
   5.7363851e+03   1.9386925e+03   6.5226058e+03   6.0403590e+03   6.3003021e+03
   5.8853838e+03   1.9443359e+03   6.5385151e+03   6.2583864e+03   6.5518891e+03
   5.7474368e+03   1.9250107e+03   6.3650704e+03   5.9867470e+03   6.3555202e+03
   5.0706682e+03   1.9007448e+03   5.3439951e+03   5.2173124e+03   5.4208479e+03
   4.9692665e+03   1.9310264e+03   5.3576597e+03   5.1719584e+03   5.4409823e+03
   5.3218383e+03   1.9368894e+03   6.1665603e+03   5.6417499e+03   6.0149283e+03
   5.4848079e+03   1.9490648e+03   6.6010147e+03   6.2840590e+03   6.5313763e+03
   5.1890758e+03   1.9777409e+03   6.4875655e+03   6.0171361e+03   6.2592140e+03
   4.7594661e+03   1.9757244e+03   5.5970859e+03   5.2902728e+03   5.5623710e+03
   4.6185547e+03   1.9800619e+03   5.4880807e+03   5.2007511e+03   5.3699507e+03
   5.2696610e+03   1.9883329e+03   6.3832630e+03   5.8733177e+03   6.1283370e+03
   5.2884455e+03   1.9730250e+03   6.3313812e+03   6.0560973e+03   6.2335198e+03
   4.6869140e+03   1.9834445e+03   5.6651372e+03   5.3517756e+03   5.5435679e+03
   4.1626374e+03   1.9905954e+03   4.8832520e+03   4.5551366e+03   4.7329609e+03
   2.8298096e+03   1.9897275e+03   2.7894761e+03   3.2643270e+03   2.9465822e+03
   1.9186521e+03   2.0077376e+03   1.9026401e+03   1.6583310e+03   1.7627358e+03
   2.2791984e+03   2.0091327e+03   1.9379566e+03   1.6989971e+03   1.8037669e+03
   2.3477466e+03   2.0213468e+03   1.9631577e+03   1.7251875e+03   1.8422890e+03
   2.5117957e+03   2.0603160e+03   2.0020180e+03   1.7611413e+03   1.8840581e+03
   2.4654133e+03   2.0801830e+03   2.0248976e+03   1.7757095e+03   1.8993342e+03
   2.4460413e+03   2.1055240e+03   2.0273904e+03   1.7787533e+03   1.9045554e+03
   2.4064977e+03   2.0732721e+03   2.0043126e+03   1.7531479e+03   1.8928238e+03
   2.4967099e+03   2.0786864e+03   1.9518495e+03   1.7059463e+03   1.8560418e+03
   2.5357187e+03   2.0271501e+03   1.9692304e+03   1.6840937e+03   1.8714061e+03
   4.2081305e+03   6.4957004e+03   3.9500412e+03   3.6258666e+03   3.9620719e+03
   5.0639999e+03   5.4321313e+03   4.4315515e+03   4.4331118e+03   4.6139294e+03
   5.8137252e+03   5.0991458e+03   4.8879120e+03   5.2179141e+03   5.4005066e+03
   6.2894260e+03   5.2738833e+03   5.0632004e+03   5.4637866e+03   5.6320223e+03
   5.7448593e+03   5.0492512e+03   4.6247858e+03   4.9079535e+03   5.0065011e+03
   6.4076295e+03   5.1043244e+03   4.7677860e+03   5.0961570e+03   5.1858292e+03
   6.9776433e+03   4.7781916e+03   4.7203790e+03   5.0249811e+03   5.1768161e+03
   7.6272215e+03   4.6039093e+03   5.1637705e+03   5.6046178e+03   5.7880689e+03
   7.6424978e+03   4.6617412e+03   5.3212967e+03   5.8044139e+03   6.0014489e+03
   7.2058293e+03   4.5319846e+03   5.4765072e+03   5.3461991e+03   5.6213127e+03
   7.0417325e+03   3.9848499e+03   5.2330358e+03   5.1831291e+03   5.4038766e+03
   7.2043883e+03   3.9134972e+03   5.7357879e+03   5.2492760e+03   5.5393038e+03
   7.7168380e+03   4.4279778e+03   6.2493084e+03   5.8757868e+03   6.0333573e+03
   7.7624726e+03   4.6655316e+03   6.1317919e+03   5.9853051e+03   6.0914234e+03
   7.2720049e+03   4.9701128e+03   5.7417203e+03   5.5989356e+03   5.5967958e+03
   6.9936769e+03   4.8994249e+03   5.9152830e+03   5.5299342e+03   5.5569967e+03
   7.7038510e+03   5.2887190e+03   7.3217079e+03   6.6086069e+03   6.6526751e+03
   8.0272034e+03   5.1273554e+03   7.2845438e+03   6.9275457e+03   6.8456533e+03
   8.1224984e+03   5.2822851e+03   7.0122985e+03   6.9060184e+03   6.8273953e+03
   7.7856310e+03   5.2600601e+03   6.3346591e+03   6.5270547e+03   6.4465615e+03
   7.2603851e+03   5.3054360e+03   6.2767559e+03   6.2518906e+03   5.8711532e+03
   7.0051097e+03   5.2892227e+03   6.1448873e+03   5.9556223e+03   5.6927225e+03
   6.9885118e+03   5.2559893e+03   5.7238482e+03   5.7375929e+03   5.2553292e+03
   6.5220156e+03   5.0485047e+03   5.5775070e+03   5.3592234e+03   4.7361783e+03
   7.7982018e+02   6.9504656e+02   2.0217358e+03   1.1577855e+03   1.5918871e+03
   7.8084043e+02   6.9530709e+02   2.0222361e+03   1.1582007e+03   1.5923078e+03
   7.8108784e+02   6.9556763e+02   2.0227364e+03   1.1586160e+03   1.5927286e+03
   7.8133525e+02   6.9582816e+02   2.0232367e+03   1.1590312e+03   1.5931494e+03
   7.8158267e+02   6.9608869e+02   2.0237370e+03   1.1594465e+03   1.5935702e+03
   7.8183008e+02   6.9634923e+02   2.0242373e+03   1.1598618e+03   1.5939909e+03
   7.8207750e+02   6.9660976e+02   2.0247376e+03   1.1602770e+03   1.5944117e+03
   7.8232491e+02   6.9687030e+02   2.0252379e+03   1.1606923e+03   1.5948325e+03
   7.8257232e+02   6.9713083e+02   2.0257382e+03   1.1611075e+03   1.5952533e+03
   7.8281974e+02   6.9739136e+02   2.0262385e+03   1.1615228e+03   1.5956740e+03
   7.8306715e+02   6.9765190e+02   2.0267389e+03   1.1619381e+03   1.5960948e+03
   7.8331457e+02   6.9791243e+02   2.0272392e+03   1.1623533e+03   1.5965156e+03
   7.8356198e+02   6.9817297e+02   2.0277395e+03   1.1627686e+03   1.5969364e+03
   7.8380939e+02   6.9843350e+02   2.0282398e+03   1.1631838e+03   1.5973571e+03
   7.8405681e+02   6.9869403e+02   2.0287401e+03   1.1635991e+03   1.5977779e+03
   7.8430422e+02   6.9895457e+02   2.0292404e+03   1.1640144e+03   1.5981987e+03
   1.1251023e+03   1.1100948e+03   2.3259872e+03   1.4801358e+03   1.8801978e+03
   1.1253497e+03   1.1103553e+03   2.3264875e+03   1.4805511e+03   1.8806186e+03
   1.1255971e+03   1.1106159e+03   2.3269878e+03   1.4809663e+03   1.8810394e+03
   1.1258445e+03   1.1108764e+03   2.3274882e+03   1.4813816e+03   1.8814601e+03
   1.2963672e+03   1.3165768e+03   2.4761117e+03   1.6396499e+03   2.0226701e+03
   1.2966051e+03   1.3168373e+03   2.4766120e+03   1.6400652e+03   2.0230909e+03
   1.2968429e+03   1.3170979e+03   2.4771123e+03   1.6404805e+03   2.0235116e+03
   1.2970808e+03   1.3173584e+03   2.4776127e+03   1.6408957e+03   2.0239324e+03
   1.5018310e+03   1.5221314e+03   2.6826254e+03   1.8458234e+03   2.2288656e+03
   1.4955359e+03   1.5220494e+03   2.6822041e+03   1.8406857e+03   2.2248758e+03
   1.4892407e+03   1.5219673e+03   2.6817828e+03   1.8355480e+03   2.2208859e+03
   1.4829456e+03   1.5218853e+03   2.6813615e+03   1.8304103e+03   2.2168961e+03
   1.6811628e+03   1.7263158e+03   2.8854526e+03   2.0297851e+03   2.4174187e+03
   1.6748677e+03   1.7262338e+03   2.8850313e+03   2.0246474e+03   2.4134232e+03
   1.6685725e+03   1.7261518e+03   2.8846100e+03   2.0195097e+03   2.4094277e+03
   1.6622773e+03   1.7260698e+03   2.8841887e+03   2.0143720e+03   2.4054322e+03
   1.3721900e+03   1.3835880e+03   2.6368953e+03   1.7461458e+03   2.1667881e+03
   1.3658948e+03   1.3835060e+03   2.6364739e+03   1.7410081e+03   2.1627926e+03
   1.3595997e+03   1.3834240e+03   2.6360526e+03   1.7358704e+03   2.1587971e+03
   1.3533045e+03   1.3833420e+03   2.6356313e+03   1.7307327e+03   2.1548016e+03
   1.3470093e+03   1.3832600e+03   2.6352100e+03   1.7255950e+03   2.1508061e+03
   1.3442978e+03   1.3830693e+03   2.6339671e+03   1.7239047e+03   2.1483415e+03
   1.3415863e+03   1.3828787e+03   2.6327243e+03   1.7222145e+03   2.1458770e+03
   1.3388748e+03   1.3826881e+03   2.6314814e+03   1.7205242e+03   2.1434124e+03
   1.1316508e+03   1.1779851e+03   2.4257261e+03   1.5143214e+03   1.9364354e+03
   1.1289393e+03   1.1777944e+03   2.4244832e+03   1.5126312e+03   1.9339709e+03
   1.1262278e+03   1.1776038e+03   2.4232403e+03   1.5109409e+03   1.9315064e+03
   1.1235163e+03   1.1774132e+03   2.4219974e+03   1.5092506e+03   1.9290418e+03
   1.3253172e+03   1.3817351e+03   2.6252670e+03   1.7120728e+03   2.1310897e+03
   1.3226057e+03   1.3815444e+03   2.6240241e+03   1.7103825e+03   2.1286252e+03
   1.3198942e+03   1.3813538e+03   2.6227813e+03   1.7086922e+03   2.1261606e+03
   1.3171826e+03   1.3811632e+03   2.6215384e+03   1.7070019e+03   2.1236961e+03
   1.3144711e+03   1.3809726e+03   2.6202955e+03   1.7053116e+03   2.1212315e+03
   1.3153674e+03   1.3811722e+03   2.6217280e+03   1.7062456e+03   2.1227118e+03
   1.3162637e+03   1.3813718e+03   2.6231605e+03   1.7071796e+03   2.1241920e+03
   1.3171600e+03   1.3815714e+03   2.6245929e+03   1.7081136e+03   2.1256722e+03
   1.1135439e+03   1.1772586e+03   2.4215129e+03   1.5045352e+03   1.9226400e+03
   1.1144401e+03   1.1774582e+03   2.4229454e+03   1.5054692e+03   1.9241202e+03
   1.1153364e+03   1.1776578e+03   2.4243779e+03   1.5064031e+03   1.9256005e+03
   1.1162327e+03   1.1778575e+03   2.4258103e+03   1.5073371e+03   1.9270807e+03
   9.5351907e+02   1.0144471e+03   2.2636328e+03   1.3446612e+03   1.7649510e+03
   9.5441536e+02   1.0146467e+03   2.2650653e+03   1.3455952e+03   1.7664312e+03
   9.5531165e+02   1.0148463e+03   2.2664978e+03   1.3465292e+03   1.7679114e+03
   9.5620795e+02   1.0150459e+03   2.2679302e+03   1.3474631e+03   1.7693917e+03
   9.5710424e+02   1.0152456e+03   2.2693627e+03   1.3483971e+03   1.7708719e+03
   9.6390542e+02   1.0152481e+03   2.2695312e+03   1.3525425e+03   1.7739826e+03
   9.7070659e+02   1.0152506e+03   2.2696997e+03   1.3566879e+03   1.7770934e+03
   9.7769143e+02   1.0211615e+03   2.2660701e+03   1.3583884e+03   1.7815589e+03
   1.2620524e+03   1.3257748e+03   2.5259996e+03   1.6297070e+03   2.0430656e+03
   1.2688536e+03   1.3257773e+03   2.5261682e+03   1.6338524e+03   2.0461763e+03
   1.2756547e+03   1.3257799e+03   2.5263367e+03   1.6379978e+03   2.0492871e+03
   1.2824559e+03   1.3257824e+03   2.5265052e+03   1.6421432e+03   2.0523978e+03
   1.4937695e+03   1.5302974e+03   2.7311862e+03   1.8508010e+03   2.2600210e+03
   1.5005707e+03   1.5302999e+03   2.7313547e+03   1.8549463e+03   2.2631317e+03
   1.5073719e+03   1.5303025e+03   2.7315232e+03   1.8590917e+03   2.2662425e+03
   1.5141731e+03   1.5303050e+03   2.7316918e+03   1.8632371e+03   2.2693532e+03
   1.6918990e+03   1.7418088e+03   2.8760869e+03   2.0227274e+03   2.4146430e+03
   1.6923118e+03   1.7420179e+03   2.8757973e+03   2.0232324e+03   2.4150859e+03
   1.6927245e+03   1.7422270e+03   2.8755076e+03   2.0237374e+03   2.4155288e+03
   1.6931373e+03   1.7424361e+03   2.8752180e+03   2.0242424e+03   2.4159717e+03
   1.6935500e+03   1.7426452e+03   2.8749283e+03   2.0247474e+03   2.4164146e+03
   1.6939628e+03   1.7428543e+03   2.8746387e+03   2.0252524e+03   2.4168574e+03
   1.6943755e+03   1.7430634e+03   2.8743490e+03   2.0257574e+03   2.4173003e+03
   1.6947883e+03   1.7432725e+03   2.8740594e+03   2.0262624e+03   2.4177432e+03
   1.6952011e+03   1.7434816e+03   2.8737697e+03   2.0267674e+03   2.4181861e+03
   1.6956138e+03   1.7436907e+03   2.8734801e+03   2.0272725e+03   2.4186290e+03
   1.6960266e+03   1.7438998e+03   2.8731904e+03   2.0277775e+03   2.4190719e+03
   1.6964393e+03   1.7441089e+03   2.8729007e+03   2.0282825e+03   2.4195148e+03
   1.2074651e+03   1.1873034e+03   2.4277209e+03   1.5653668e+03   1.9784802e+03
   1.2078778e+03   1.1875125e+03   2.4274313e+03   1.5658718e+03   1.9789230e+03
   1.2082906e+03   1.1877216e+03   2.4271416e+03   1.5663768e+03   1.9793659e+03
   1.2087033e+03   1.1879307e+03   2.4268520e+03   1.5668818e+03   1.9798088e+03
   1.0455061e+03   1.0245298e+03   2.2629524e+03   1.4037769e+03   1.8166418e+03
   1.0459189e+03   1.0247389e+03   2.2626627e+03   1.4042819e+03   1.8170847e+03
   1.0463317e+03   1.0249480e+03   2.2623730e+03   1.4047869e+03   1.8175275e+03
   1.0467444e+03   1.0251571e+03   2.2620834e+03   1.4052919e+03   1.8179704e+03
   9.3320734e+02   8.8436538e+02   2.1656427e+03   1.3022336e+03   1.7236273e+03
   9.3362010e+02   8.8457448e+02   2.1653530e+03   1.3027387e+03   1.7240702e+03
   9.3403286e+02   8.8478358e+02   2.1650633e+03   1.3032437e+03   1.7245131e+03
   9.3444562e+02   8.8499268e+02   2.1647737e+03   1.3037487e+03   1.7249560e+03
